0.043534 0.956456 0.000010
0.000010 0.738749 0.261241
0.098320 0.711541 0.190139
0.022648 0.523087 0.454266
0.000010 0.999980 0.000010
0.000010 0.554501 0.445489
0.000010 0.681618 0.318372
0.000010 0.000010 0.999980
0.000010 0.000010 0.999980
0.000010 0.000010 0.999980
0.000010 0.000010 0.999980
0.000010 0.000010 0.999980
0.000010 0.000010 0.999980
0.080745 0.537045 0.382210
0.000010 0.000010 0.999980
0.000010 0.999980 0.000010
0.000010 0.000010 0.999980
0.000010 0.999980 0.000010
0.035818 0.665102 0.299079
0.000010 0.000010 0.999980
0.000010 0.450286 0.549704
0.060595 0.598396 0.341009
0.000010 0.526646 0.473344
0.054302 0.622504 0.323194
0.073332 0.633428 0.293240
0.025060 0.693525 0.281415
0.042972 0.629120 0.327909
0.000010 0.000010 0.999980
0.068645 0.585207 0.346148
0.047604 0.661308 0.291087
0.000010 0.468726 0.531264
0.067726 0.572938 0.359337
0.097412 0.563748 0.338840
0.054727 0.597400 0.347873
0.145973 0.854017 0.000010
0.000010 0.999980 0.000010
0.035823 0.593813 0.370364
0.070580 0.516719 0.412701
0.050706 0.540218 0.409076
0.115777 0.884213 0.000010
0.079557 0.698876 0.221567
0.082145 0.562046 0.355808
0.109067 0.890923 0.000010
0.139262 0.860728 0.000010
0.105752 0.894238 0.000010
0.115791 0.884199 0.000010
0.136285 0.863705 0.000010
0.127836 0.872154 0.000010
0.052009 0.555591 0.392400
0.091981 0.908009 0.000010
0.036504 0.488864 0.474632
0.066698 0.488777 0.444525
0.048102 0.518079 0.433819
0.040651 0.523957 0.435393
0.000018 0.000010 0.999972
0.000010 0.558746 0.441244
0.037754 0.562259 0.399987
0.010857 0.783394 0.205750
0.000010 0.000010 0.999980
0.097172 0.902818 0.000010
0.000010 0.999980 0.000010
0.063036 0.936954 0.000010
0.055977 0.944013 0.000010
0.126457 0.873533 0.000010
0.000010 0.999980 0.000010
0.177764 0.822226 0.000010
0.119947 0.714150 0.165903
0.999980 0.000010 0.000010
0.144695 0.855295 0.000010
0.102271 0.897719 0.000010
0.279133 0.720857 0.000010
0.143343 0.856647 0.000010
0.090579 0.909411 0.000010
0.066985 0.798254 0.134761
0.086527 0.721516 0.191957
0.120781 0.879209 0.000010
0.999980 0.000010 0.000010
0.162439 0.837551 0.000010
0.000010 0.999980 0.000010
0.095372 0.741520 0.163108
0.999980 0.000010 0.000010
0.167863 0.832127 0.000010
0.999980 0.000010 0.000010
0.999980 0.000010 0.000010
0.999980 0.000010 0.000010
0.999980 0.000010 0.000010
0.120278 0.743967 0.135755
0.071572 0.928418 0.000010
0.154617 0.845373 0.000010
